117
1174
1872
2276
826
1855
1535
1062
364
2673
2064
28
2423
1456
1534
2719
1101
2564
2221
151
1418
1011
949
2507
1150
1645
1232
1379
378
491
1537
116
1214
1395
2810
2548
2523
2306
113
773
188
1841
1718
1589
2535
1087
364
2727
2936
2113
596
160
2372
1204
2169
502
818
1455
2351
2838
1774
157
754
2220
1025
2205
1851
603
870
2709
1796
89
1501
2007
1410
1031
2055
2421
2336
1869
1004
2260
278
423
2057
2961
2097
887
2597
568
2126
795
1859
2328
2578
2940
2604
1710
1267
1454
2896
1876
3
1143
2842
1382
2066
581
695
780
14
555
649
2730
796
1042
2879
323
1682
164
2022
426
910
371
188
1146
1217
2533
1895
2814
1455
2613
2965
1348
464
2214
2352
1371
1115
494
1235
1068
49
717
2321
1510
1114
104
1338
1942
2780
642
1043
1472
2957
2045
1741
2563
2658
1276
1356
1832
732
749
2488
846
1604
737
2582
2872
1472
1407
2424
2914
751
1492
575
1835
2790
715
2123
2910
918
1818
1202
2824
1774
1382
1198
859
2615
1528
325
1856
1876
2100
392
479
2680
51
1051
330
266
1428
1630
1566
413
1669
1814
1928
1894
784
2948
2341
2806
1500
568
2701
2231
1498
967
910
1228
1551
1143
2860
1419
631
2326
700
667
1904
2550
531
2320
2988
1245
1533
384
2872
785
484
2681
1557
1143
704
2593
689
420
2596
1412
2287
2961
2207
512
2072
1023
1570
690
1941
631
10
2894
2707
2202
158
1378
2436
833
982
2894
1508
2823
2910
1999
1903
988
897
883
206
680
203
218
2390
1122
1628
2554
1598
2672
1070
2601
2926
52
2417
1427
2533
2273
84
1090
1385
2034
877
623
2453
1848
1310
1463
2346
807
1089
491
1066
2094
1091
727
1915
1698
2949
2460
1483
1657
170
198
2186
2203
1641
2210
2875
2722
2429
736
808
2213
2877
30
493
1106
226
2370
851
1806
291
2958
2614
163
1127
1291
2914
2271
121
56
2744
1530
1514
1944
2183
2776
2069
944
2145
1516
2353
2706
1889
861
1977
421
1514
1670
1120
1364
1357
2659
1691
2807
1393
832
2654
1398
1599
1532
281
337
624
2695
2442
770
153
1513
1463
1729
929
1683
1611
2734
1614
749
901
775
2447
681
2615
1856
2061
850
1738
559
2782
916
1413
1270
2318
807
2526
2660
908
1029
1608
859
763
912
1413
447
1989
1122
1849
1872
1121
830
1248
1318
1950
2343
1483
2189
2453
759
968
1490
366
2287
1219
2224
2275
335
1431
2697
992
2251
334
192
2522
2695
548
1895
2017
1158
1659
1224
2797
1884
1383
2842
2857
2672
378
2555
2099
1505
588
143
1067
2801
2388
1770
999
2293
313
1132
1693
1044
1730
840
2939
2024
485
1677
2135
855
372
423
2122
928
1084
783
362
1986
1329
663
178
529
2806
1589
24
2990
2905
1469
1571
2571
1256
1109
1818
2924
1551
2004
1432
457
543
1834
1153
1065
2612
2860
1268
1361
930
1044
962
154
2972
156
1762
940
2912
1438
1216
1484
359
539
592
1304
1874
430
2479
1862
813
2810
2986
1671
2193
233
1568
245
2596
664
2445
2868
2450
563
151
1589
1541
1777
853
1596
111
2596
2845
201
607
2205
2906
2140
1833
2504
157
650
1151
2848
1567
1921
2267
1701
1317
8
2182
2435
1999
1070
15
1644
2852
2994
1603
1287
168
2951
102
2783
1461
1279
207
2808
1069
275
1117
1043
1519
2024
937
465
274
2252
1913
2913
1281
2433
2670
1718
255
2929
479
22
2615
2857
547
130
1670
1636
407
788
2840
1752
2589
2655
575
1222
2051
1515
2983
536
1136
810
2256
469
1300
2025
1539
2123
352
235
117
893
1576
693
555
2696
821
1854
853
806
458
480
614
993
1981
2628
827
1341
64
1337
1032
2170
2924
619
2364
1846
1078
62
1369
12
810
1865
415
1804
1061
1484
1042
54
1918
274
2781
219
423
572
644
2887
1083
1536
854
2117
2210
826
282
2713
47
764
565
590
1581
50
2
2922
968
1372
1998
2545
605
1376
2140
244
2114
1391
2865
2086
788
129
1157
769
2491
219
2789
1183
1439
2896
1295
2879
1933
1543
1100
1057
2780
908
1125
2872
1890
888
2586
2442
1440
581
1800
1846
955
1057
1400
2650
2692
1830
612
2108
876
405
1086
2097
2610
1510
1146
173
557
1718
392
715
1998
1079
131
2134
1331
138
1360
1418
747
1358
1801
948
2498
2395
852
2532
3000
979
340
2932
2903
1313
2492
870
1265
871
738
2517
1051
1314
2706
859
1355
2915
2128
44
2037
2420
1317
1891
806
595
436
2146
1292
965
889
2815
2144
2262
1913
2019
2910
4
1774
241
2145
2377
867
616
2066
2154
558
72
985
2819
1686
1553
2793
339
358
2427
887
1124
958
285
2118
679
164
1886
694
1265
2275
827
1330
1493
183
704
2459
1317
2038
1080
888
156
875
440
1982
121
2344
2544
2227
1281
1142
1143
1893
2800
2766
1957
1479
470
1855
2023
2697
2727
1621
1172
2870
2598
681
1284
2902
2317
2031
293
2294
2373
903
2519
1113
724
859
2878
353
2647
676
2853
2752
322
2347
2744
2835
2709
1941
1736
1756
557
24
668
430
545
912
1063
1423
2542
214
1035
1172
2785
866
1044
1273
482
2214
2215
877
828
1669
2977
565
2807
969
1215
2587
1371
2244
852
856
591
813
904
1782
2325
1920
1458
2746
2641
2611
2849
1875
841
2377
2396
1688
2341
2366
2559
2244
938
623
2185
496
112
1115
1670
821
952
208
360
2953
2103
2699
1380
2995
1795
2626
246
1638
448
717
2166
2340
2752
1596
816
873
1219
1752
2574
1438
293
680
804
2418
1910
683
2634
791
136
436
2992
2299
1068
1658
188
1606
2535
1047
1339
2924
429
2062
2169
2949
2530
1139
365
339
2648
1540
1638
1533
2640
1223
2965
302
2507
2915
1107
156
215
2970
2569
528
170
2552
1444
1549
2453
2265
1314
259
2877
1527
2418
1136
2786
1737
1643
47
157
635
1653
1990
134
218
508
367
424
97
551
971
2251
1333
1086
2480
1565
1515
2473
827
137
155
687
648
2869
1411
1218
1758
264
645
1251
615
1406
2427
598
1711
1073
314
2631
968
714
2995
1642
2420
1995
2305
2553
789
390
2072
2738
939
1962
1851
939
1710
1953
2246
1740
1199
2139
2804
1004
275
1074
1299
1843
2836
1371
687
293
244
36
2046
2764
305
557
1461
1579
213
25
2024
1528
2053
2942
1970
2292
2698
2605
358
889
2240
1058
2746
2894
1579
2494
2877
200
291
1795
1638
363
1508
2482
1299
1250
2285
818
1456
2719
709
1103
2074
2383
1931
1336
2585
2240
1272
424
1191
2928
2663
1931
255
1807
852
1040
32
1738
2093
1936
940
525
1392
144
2103
1383
1860
1601
1058
1555
2273
271
202
286
1606
2004
943
818
11
1080
363
844
2621
1470
1778
2984
2402
1260
638
2333
2396
946
2934
925
2741
2443
2553
2136
1110
1584
2929
2542
1515
1701
1798
2587
2801
2508
1941
635
1686
2011
1489
471
744
1489
1581
1237
473
1765
2069
2981
291
2012
1377
1576
1255
199
674
671
1185
973
1168
1589
990
2351
534
2690
114
970
1344
1645
2275
1876
1741
358
9
1937
2660
2910
953
1860
2455
1853
1357
2590
2037
508
2885
2457
1366
2579
2537
911
2583
2404
1282
1973
1998
2486
931
1671
2759
2678
2736
1748
2169
2391
2341
697
2399
596
1831
2938
684
2104
1961
380
1039
1668
2975
2056
92
2884
2911
654
737
582
2835
1878
68
2533
1110
415
2355
713
523
1063
760
2163
989
123
2983
2601
1400
1605
156
2429
1306
60
2965
2574
2154
1956
319
777
2080
1480
1725
1440
2531
1444
2041
1991
400
623
1338
2907
2854
323
1258
1092
625
2335
1551
153
1214
1575
1284
374
2232
2762
697
715
1983
310
1709
120
1336
2360
2708
2611
24
1379
511
2303
621
195
1166
369
1729
1539
1728
1293
2216
2260
2109
1373
795
2301
750
2388
768
2302
1017
703
1347
288
1059
1688
724
2375
1202
1380
1818
1727
2995
2630
1583
110
2530
2687
703
431
1872
1199
631
2424
1190
2981
2090
362
504
1636
425
163
2951
1171
2598
2646
2991
2162
28
882
2109
2772
2102
634
2317
2029
765
1783
2066
1206
398
376
2093
927
1008
1495
1260
1768
2674
598
2520
1555
256
218
867
431
447
2057
1394
2878
514
1432
1500
1394
329
2857
1728
2392
2738
2170
1835
2051
2778
107
313
2404
2859
1573
880
804
1710
996
1299
1159
1646
1216
321
2870
1613
2177
614
1319
1411
1434
1152
21
1545
2024
1788
122
2341
1618
1539
2909
1162
161
1534
1232
2941
1232
615
1403
650
2328
1119
2100
866
2009
1655
2100
210
1472
1390
1362
152
577
2831
1935
2475
2644
2996
2571
1606
477
494
548
998
1076
1159
310
1862
1315
689
1840
1697
532
1041
1474
376
1529
2341
868
1896
791
2552
271
2362
993
325
1018
2349
870
163
219
429
2446
355
2100
2375
2343
2054
205
2444
2474
2400
2810
1004
853
1660
381
2869
2521
82
1697
763
2689
456
446
2591
2176
2231
2584
2486
2009
1544
2609
3000
686
2582
1084
1298
2098
2362
2272
2839
460
1278
1646
638
2725
608
1227
74
1022
2653
1294
1980
2497
1177
914
1805
2646
1486
2974
625
2782
713
29
975
665
667
2181
703
575
2074
522
2387
170
1989
2280
281
408
809
2787
1305
588
2505
699
192
1152
447
1576
1624
2372
2654
2892
1003
1334
192
943
2401
1773
103
1765
1226
1305
1339
1245
2233
433
1000
1960
1685
2373
1481
2011
2761
276
102
1187
657
763
349
2202
2306
2932
1957
493
1191
1998
2833
1174
1392
668
104
2174
1722
1059
2530
1378
683
557
2988
2711
1882
441
1886
2582
2576
1373
1029
918
2144
941
2753
2176
1485
2435
1063
225
672
2801
936
1842
2552
1384
82
2743
532
1552
1063
626
1322
1618
1993
2547
2138
2664
2838
221
1619
2874
1828
1341
1572
1865
510
992
2662
186
616
1415
1171
1730
2139
1036
1152
2186
863
572
507
887
961
2331
874
2503
2336
2443
2660
963
2950
1749
2043
715
602
2343
2411
2113
2392
2496
436
2102
524
2608
1738
738
2036
1257
52
1174
662
1060
2767
756
1165
94
1814
2704
1271
2040
1051
2515
1644
2890
584
2748
2358
1153
2818
228
1780
1887
2499
2882
992
658
581
1509
2561
2596
378
2635
803
2176
1230
2387
608
1145
1730
2855
2397
2113
514
1886
2899
2834
615
2473
1108
987
2534
46
107
454
1366
1921
1304
2566
642
1964
1113
2665
1947
153
193
489
1873
242
1020
2461
1439
28
2819
1785
814
1921
1752
1538
940
1519
1707
2459
1528
1768
1047
80
867
1979
2360
2068
931
2526
1435
282
1439
2457
2541
943
753
467
1504
638
1842
1775
2052
2490
1978
2372
1558
790
347
2868
460
1726
2388
2784
2458
1479
1381
2596
960
1973
607
1128
1241
2905
326
30
331
381
1777
1087
2844
2510
1545
1918
2688
686
2756
1294
1988
11
2909
1842
2462
1388
1469
2242
1066
198
827
263
2834
1256
811
977
1596
1811
1543
1462
1544
1826
2219
2957
572
520
1213
2092
2796
2321
2821
172
2781
1818
31
1825
697
1145
1781
379
914
1357
2399
1331
433
891
1242
1060
2042
2032
915
1555
128
2505
2989
461
2786
2840
2689
1036
1088
2045
2732
811
2251
328
1252
751
884
1195
2637
1586
1546
2147
2053
2689
2459
1445
491
2408
2476
2034
331
1176
1222
623
1650
2956
714
1241
2854
2639
2827
2177
1636
2972
2536
215
2792
2323
2074
384
2045
237
1951
2072
745
172
1147
1415
125
107
2780
1153
670
865
2126
2895
1189
2974
26
2712
236
725
2483
2412
1724
2754
604
523
1856
1002
1997
1112
2850
260
2251
1950
2419
731
305
2314
512
57
195
1777
1474
1184
1024
2816
1535
2170
1906
1832
2377
602
144
2294
1437
736
1004
216
2679
730
157
2978
1631
2460
142
652
744
2352
2095
2517
407
483
2453
275
1372
827
453
1693
827
2019
2863
1890
944
2350
679
1423
1426
1856
2369
1492
2330
1415
1682
189
2341
1593
87
1600
2598
1718
565
841
279
1197
2653
2687
2259
1470
2529
417
431
1263
1296
752
1590
2862
1640
420
2251
1052
2671
1836
1261
1156
917
704
703
2189
2253
2012
1311
2633
2938
890
396
1609
2888
2147
2218
1380
1915
991
1712
113
1813
1485
567
1640
2927
2645
2844
2644
2221
1831
2602
2223
1773
1139
2353
2126
1202
896
1650
1183
643
1145
2654
2484
2626
2076
1193
1765
544
2809
550
2194
2291
2726
1089
1335
2193
1654
2711
1473
1423
1715
219
2789
2824
1420
2733
951
335
1797
554
1655
1099
794
1159
2458
2835
1104
1417
1881
2090
2678
609
2245
2700
1801
443
38
8
2422
1889
783
2278
1686
506
1408
1151
2181
733
2956
75
1290
1623
204
252
333
556
1294
1862
2763
2586
887
1192
1597
357
1566
2657
1597
1852
2322
2764
1295
1652
860
1637
2963
2942
2244
2941
2916
1089
2999
1817
2226
357
2271
854
2895
2112
898
1061
1911
783
448
422
281
1832
217
2752
178
89
1037
2334
2717
2968
418
202
592
2383
51
1833
883
2522
80
611
729
140
1749
1504
1343
2546
1074
2170
1920
153
2090
1011
1441
2162
1966
607
2162
835
1849
1486
682
2704
1731
279
1003
1119
1903
16
2752
1636
2659
2605
938
1981
2900
1426
2111
2612
2039
2440
2606
1329
2305
315
809
834
1988
2694
833
1795
532
1037
2956
2582
1523
1284
1319
669
1673
73
1007
556
1737
1237
504
997
1022
7
1786
1428
1681
2515
914
2605
403
2044
2910
1714
2312
900
19
1561
11
2763
2037
884
599
1994
2412
334
262
578
2101
326
1671
2170
833
1654
2865
81
456
555
2572
54
1346
1861
1121
226
1597
809
1018
842
707
221
1156
1062
872
2913
2238
547
1715
2492
2579
1448
1352
1052
754
991
85
754
2800
2959
790
2836
1727
2115
150
2241
2973
2935
319
1795
192
2931
414
721
318
2359
315
2193
2319
1200
1771
656
272
1030
598
2793
2534
644
1916
1168
1736
1220
1885
2967
2115
2279
247
572
2360
2759
152
2277
2614
2193
2308
1983
2627
266
2348
1427
1216
830
1551
1266
204
2958
2598
1207
890
2622
973
2331
2785
2238
2847
2835
921
531
2917
544
1416
2022
575
1814
214
827
1078
1760
33
2494
2039
1205
1429
186
502
1241
2686
2742
182
1944
1851
1912
2141
471
1679
1473
1135
597
2557
2885
231
2633
1620
2758
994
1683
2267
526
2553
254
1095
1508
1262
1458
2970
891
362
2281
1453
2117
2151
2788
1176
679
1538
1601
1941
1499
650
1509
2419
763
1232
775
1150
431
21
2400
1344
1540
2074
1476
1525
2938
2152
666
2498
199
1715
1915
2398
144
2934
556
1670
1711
1257
2258
796
1793
2572
2513
1402
2124
1870
792
1982
2405
1499
1989
7
2490
2614
356
480
741
1329
1811
2208
1494
1296
301
1047
48
984
1731
1263
2606
867
984
2843
1266
2946
1559
159
342
681
564
2750
2169
280
997
2256
939
645
610
2603
1105
2854
1085
1465
1545
2052
1776
2792
1822
2931
869
2829
2717
1650
1570
1469
1550
29
1695
112
830
225
961
1347
2307
1747
2268
2733
700
2761
350
2818
2112
1948
1348
1187
2506
2950
2156
1867
1572
1483
1729
764
1837
2603
2038
17
2029
2372
892
2211
425
264
2507
1282
2219
97
2456
667
1907
1049
2444
1868
1144
2451
2329
2986
675
1531
785
81
612
2080
178
1303
2643
183
2384
703
1625
1659
628
450
508
696
2816
784
1594
2362
2298
2571
829
206
1634
1608
48
2041
586
49
2990
221
1336
2296
310
2291
828
1598
1886
796
1058
284
1333
300
219
119
2888
2239
758
654
1632
2186
2629
1690
2433
411
2393
1050
2037
2195
2212
1777
2286
1388
1360
655
690
1967
1431
2540
330
1047
1209
1473
1502
769
898
825
429
1861
1388
874
1013
2355
1155
204
704
1944
1537
2150
356
902
290
2169
1298
147
584
1565
2771
2147
2023
1333
1446
1737
2665
1108
2873
1687
1648
1244
1423
967
622
956
1622
2070
1965
2171
1705
1560
1595
1356
688
1129
1097
2958
1412
1921
967
2422
2670
1702
2817
2814
1846
1601
677
66
2363
669
1782
1637
724
2324
657
1051
20
2973
1808
1228
2399
1603
910
2893
2314
2035
66
1497
1167
1747
1492
2094
1446
739
2847
1530
480
811
402
1933
1593
909
1275
1109
2624
1753
2150
803
661
927
1102
2037
206
1879
2510
2813
1021
2932
484
394
1514
336
2719
151
695
1756
2363
561
2573
2215
2141
421
1182
517
1844
1618
2479
1554
143
1949
2873
2537
711
486
328
1279
2718
778
1765
2002
2955
2901
2810
2874
89
2840
1903
2539
2970
1089
315
1335
2327
533
1772
613
2781
740
2090
