1
2
2
2
8
9
13
14
17
17
19
20
21
21
21
23
26
27
28
28
30
31
33
33
34
34
35
36
37
38
38
38
41
41
43
43
45
45
47
48
48
49
49
55
57
59
59
60
60
61
62
64
64
67
67
68
69
69
69
69
74
74
76
76
77
77
77
78
81
81
82
82
83
84
85
85
85
89
93
94
95
95
95
95
96
97
102
103
104
104
107
107
107
109
109
109
111
111
115
115
116
116
116
116
117
119
119
120
124
125
127
128
128
128
130
130
132
132
135
136
138
138
140
140
141
144
144
145
149
151
152
152
153
155
155
157
157
157
158
159
160
160
161
161
162
163
164
165
165
167
168
170
171
171
172
172
173
173
174
176
177
178
179
180
181
182
183
183
183
183
184
185
188
188
189
189
189
190
190
192
193
193
194
195
195
195
196
196
197
198
198
199
206
207
207
208
210
210
212
213
213
213
213
214
215
217
217
219
219
226
226
226
227
227
228
228
229
229
230
231
231
233
236
236
237
237
238
238
239
240
240
240
241
241
243
244
246
246
248
248
249
251
251
252
254
255
256
257
257
258
259
260
260
261
262
263
264
264
264
266
266
267
271
273
274
277
279
281
282
282
282
283
283
284
285
285
285
286
289
289
291
292
292
293
293
294
295
295
296
297
298
298
298
299
299
300
301
302
302
303
304
305
309
310
310
310
311
311
312
313
313
314
315
316
321
321
321
323
324
324
324
325
325
325
327
327
327
328
328
328
329
331
333
333
333
334
334
334
337
338
338
338
339
340
341
344
345
345
346
347
349
349
351
351
351
354
354
354
357
358
358
358
359
360
360
361
362
363
364
367
370
370
372
372
372
373
374
375
375
375
376
377
377
378
378
378
378
378
380
380
383
385
385
386
386
387
387
387
390
390
392
395
397
397
399
400
400
400
402
402
403
403
403
404
410
410
410
410
413
413
413
414
414
415
415
417
418
418
420
420
423
424
424
429
430
431
432
432
433
434
434
434
436
441
443
445
445
446
447
447
448
449
449
450
451
453
454
454
455
455
456
457
459
459
459
460
460
462
463
465
473
475
476
477
477
481
481
483
483
483
484
486
487
489
489
490
490
496
497
497
498
500
502
502
502
502
503
505
505
506
508
509
511
511
512
512
513
514
517
518
518
519
521
522
523
524
525
526
527
527
527
527
528
528
529
532
533
536
536
537
538
539
540
541
541
543
544
544
545
546
547
548
548
548
548
549
550
551
552
553
553
555
557
557
557
558
558
558
558
559
559
560
561
562
564
565
565
567
567
570
570
570
571
573
573
574
577
578
578
578
579
579
580
581
583
584
584
587
588
590
590
591
593
594
594
596
597
601
602
602
603
603
603
603
604
605
605
606
609
610
613
613
615
615
616
617
618
619
620
620
621
622
623
623
624
624
625
625
627
627
629
629
631
631
631
632
632
632
633
634
635
635
636
638
640
640
641
641
641
642
643
643
644
644
645
646
648
648
649
653
654
658
658
659
660
661
662
663
665
665
666
667
669
670
671
673
680
681
682
682
683
685
686
687
688
688
689
690
691
693
693
695
695
697
699
701
701
702
703
705
708
708
712
713
715
715
716
716
717
718
718
718
719
719
719
720
721
723
724
725
726
726
726
727
728
728
728
732
733
734
734
737
739
740
741
741
741
743
744
745
746
748
748
748
749
749
750
751
752
754
757
757
759
760
760
760
761
764
764
764
764
765
765
768
768
770
771
773
774
775
778
778
779
780
780
780
783
785
785
785
785
787
787
787
788
788
789
790
791
791
791
792
793
794
795
795
796
796
797
798
798
799
799
799
801
801
803
804
804
804
804
806
809
809
812
814
816
818
818
818
819
819
819
821
821
822
824
824
825
825
825
826
826
827
828
829
830
830
832
833
834
834
835
835
835
835
838
839
839
842
843
846
846
848
848
852
853
853
854
856
860
861
862
864
864
866
866
870
870
873
874
874
875
875
877
878
879
879
879
880
881
885
886
886
886
888
892
892
892
895
896
896
897
899
899
899
904
906
907
907
907
909
910
910
911
911
912
912
913
914
915
915
915
919
919
919
922
924
924
925
925
926
926
926
928
929
931
931
933
934
935
936
936
937
937
939
940
941
942
942
944
945
946
947
948
948
949
952
952
955
957
959
960
961
962
964
964
964
965
965
967
970
970
973
973
973
976
977
977
978
978
978
981
985
986
986
987
988
988
989
990
991
991
992
993
994
994
995
996
999
1000
1002
1002
1003
1007
1007
1008
1008
1009
1009
1010
1014
1014
1014
1016
1017
1017
1017
1018
1018
1018
1019
1023
1025
1025
1025
1027
1027
1029
1032
1034
1034
1034
1035
1036
1037
1039
1040
1040
1041
1041
1042
1044
1044
1045
1046
1050
1053
1053
1053
1053
1055
1055
1059
1063
1064
1064
1065
1068
1069
1070
1070
1073
1075
1077
1078
1078
1078
1079
1079
1081
1082
1084
1084
1085
1086
1086
1086
1086
1086
1088
1089
1090
1091
1093
1094
1094
1096
1096
1098
1099
1101
1103
1103
1103
1103
1104
1105
1105
1106
1106
1108
1109
1109
1110
1110
1110
1112
1112
1113
1113
1113
1114
1116
1118
1120
1122
1122
1123
1124
1124
1127
1127
1128
1129
1130
1131
1131
1131
1131
1132
1133
1133
1133
1135
1135
1136
1136
1137
1139
1139
1141
1141
1141
1142
1142
1143
1144
1144
1146
1147
1148
1149
1149
1150
1152
1153
1153
1154
1154
1155
1155
1155
1157
1158
1158
1160
1160
1161
1163
1165
1166
1166
1168
1168
1170
1170
1171
1175
1176
1177
1178
1180
1180
1182
1185
1187
1188
1192
1192
1193
1195
1195
1198
1199
1201
1202
1202
1203
1204
1204
1205
1207
1210
1212
1213
1213
1213
1214
1214
1214
1215
1217
1217
1219
1222
1223
1223
1226
1227
1229
1232
1232
1234
1234
1235
1238
1239
1239
1239
1240
1241
1241
1242
1243
1243
1244
1245
1245
1246
1246
1247
1248
1250
1250
1252
1252
1253
1253
1254
1258
1259
1260
1260
1262
1263
1263
1263
1264
1266
1266
1266
1267
1267
1268
1269
1269
1271
1272
1274
1274
1274
1275
1278
1279
1281
1282
1283
1285
1286
1286
1287
1288
1293
1294
1295
1297
1297
1299
1299
1299
1299
1303
1304
1304
1306
1306
1308
1308
1308
1309
1309
1309
1311
1312
1313
1314
1315
1315
1316
1318
1318
1320
1321
1322
1322
1323
1328
1329
1330
1332
1332
1334
1336
1338
1338
1338
1339
1339
1340
1341
1342
1343
1348
1348
1349
1352
1353
1356
1357
1361
1361
1364
1364
1365
1366
1367
1367
1367
1368
1368
1368
1370
1371
1372
1373
1374
1376
1377
1377
1379
1381
1383
1385
1387
1393
1395
1396
1397
1398
1398
1398
1399
1402
1404
1405
1405
1406
1407
1407
1409
1409
1410
1410
1411
1411
1412
1412
1412
1413
1413
1417
1418
1418
1418
1419
1419
1419
1420
1421
1422
1423
1423
1423
1424
1425
1426
1426
1426
1426
1428
1428
1429
1429
1430
1430
1430
1432
1434
1434
1435
1437
1439
1439
1439
1440
1441
1442
1442
1444
1444
1444
1445
1447
1448
1448
1448
1449
1453
1454
1454
1456
1456
1457
1457
1458
1458
1459
1461
1462
1463
1464
1468
1468
1468
1470
1471
1472
1472
1474
1474
1475
1475
1476
1476
1477
1480
1481
1481
1483
1484
1485
1486
1490
1491
1493
1494
1495
1495
1495
1495
1496
1497
1498
1498
1500
1500
1501
1502
1503
1503
1504
1505
1506
1508
1508
1508
1508
1508
1510
1515
1517
1519
1519
1521
1522
1524
1524
1525
1526
1527
1529
1530
1532
1535
1535
1536
1537
1537
1540
1543
1544
1545
1546
1548
1549
1549
1550
1551
1551
1551
1551
1552
1552
1552
1552
1553
1553
1553
1554
1554
1554
1557
1558
1559
1560
1560
1560
1561
1561
1563
1563
1563
1567
1568
1569
1572
1573
1574
1575
1575
1576
1579
1580
1581
1581
1583
1583
1584
1585
1585
1586
1586
1588
1589
1592
1592
1593
1594
1595
1596
1596
1598
1599
1600
1600
1601
1602
1603
1603
1604
1605
1606
1606
1609
1609
1609
1610
1612
1613
1613
1614
1615
1616
1616
1616
1616
1616
1617
1619
1620
1625
1628
1632
1632
1632
1635
1636
1637
1637
1637
1638
1640
1641
1642
1643
1644
1646
1647
1647
1648
1648
1649
1649
1650
1650
1651
1651
1653
1653
1653
1654
1655
1655
1655
1656
1656
1657
1660
1660
1662
1664
1666
1666
1666
1666
1667
1667
1668
1668
1671
1671
1673
1674
1674
1674
1675
1675
1676
1676
1677
1677
1678
1678
1681
1683
1683
1684
1685
1686
1689
1690
1692
1692
1693
1694
1695
1699
1700
1701
1703
1704
1705
1705
1708
1713
1713
1714
1714
1715
1715
1715
1715
1719
1720
1720
1721
1721
1721
1721
1721
1722
1723
1723
1724
1727
1727
1727
1729
1731
1732
1734
1735
1735
1736
1736
1736
1737
1737
1738
1742
1745
1746
1747
1748
1750
1750
1751
1753
1753
1754
1757
1759
1761
1766
1766
1766
1769
1769
1769
1770
1771
1771
1776
1776
1777
1778
1780
1781
1781
1781
1782
1784
1784
1784
1784
1784
1787
1787
1788
1789
1789
1789
1792
1792
1794
1796
1797
1798
1800
1803
1804
1804
1806
1808
1810
1810
1810
1811
1812
1813
1814
1815
1816
1817
1817
1817
1818
1819
1820
1821
1821
1822
1825
1825
1827
1827
1828
1828
1829
1829
1830
1830
1831
1831
1836
1836
1839
1840
1841
1845
1848
1848
1849
1852
1852
1853
1856
1857
1859
1859
1859
1860
1861
1862
1863
1863
1865
1866
1866
1866
1867
1868
1869
1871
1872
1874
1875
1876
1877
1878
1879
1879
1881
1882
1882
1883
1884
1884
1884
1884
1884
1885
1887
1887
1887
1887
1888
1889
1889
1890
1890
1891
1892
1894
1894
1895
1895
1896
1899
1900
1900
1901
1901
1904
1905
1905
1906
1906
1906
1907
1907
1908
1912
1912
1912
1913
1913
1914
1914
1915
1916
1919
1919
1919
1926
1926
1928
1928
1929
1929
1931
1931
1931
1933
1934
1934
1935
1936
1937
1938
1939
1940
1940
1942
1942
1942
1943
1943
1944
1944
1946
1946
1946
1948
1949
1950
1951
1952
1952
1952
1952
1952
1954
1955
1955
1956
1956
1957
1958
1963
1964
1964
1964
1966
1967
1968
1968
1969
1970
1970
1970
1970
1971
1972
1974
1974
1975
1976
1977
1977
1977
1978
1980
1980
1982
1982
1990
1992
1993
1998
1999
2001
2001
2001
2002
2004
2005
2005
2007
2008
2008
2009
2010
2011
2011
2012
2013
2013
2014
2015
2017
2018
2021
2021
2022
2023
2025
2025
2026
2027
2027
2028
2029
2030
2032
2033
2035
2035
2035
2035
2036
2036
2036
2037
2039
2040
2042
2043
2044
2044
2044
2044
2044
2047
2050
2050
2054
2054
2054
2055
2055
2055
2056
2056
2058
2058
2060
2060
2063
2063
2064
2065
2065
2068
2069
2070
2070
2071
2074
2074
2077
2078
2078
2078
2079
2079
2080
2082
2084
2088
2088
2088
2090
2091
2091
2096
2097
2097
2099
2100
2102
2103
2104
2104
2105
2105
2105
2106
2106
2107
2109
2109
2109
2111
2111
2112
2113
2115
2115
2116
2116
2116
2117
2118
2123
2123
2125
2125
2125
2127
2128
2129
2130
2130
2132
2132
2133
2134
2138
2139
2141
2141
2142
2143
2143
2144
2145
2146
2148
2149
2149
2150
2151
2152
2155
2156
2156
2157
2157
2160
2160
2162
2162
2164
2165
2168
2172
2172
2173
2174
2174
2175
2175
2176
2179
2180
2185
2185
2187
2189
2189
2189
2189
2190
2190
2191
2193
2194
2194
2195
2195
2198
2200
2200
2203
2204
2204
2204
2206
2207
2209
2209
2209
2212
2214
2216
2217
2218
2220
2220
2222
2223
2225
2227
2230
2230
2233
2234
2235
2236
2238
2239
2239
2240
2240
2242
2243
2244
2244
2245
2245
2246
2248
2248
2251
2251
2251
2252
2253
2254
2254
2254
2255
2255
2255
2256
2256
2257
2258
2263
2263
2264
2265
2266
2267
2269
2269
2270
2273
2273
2274
2276
2276
2276
2276
2277
2278
2278
2279
2281
2281
2282
2283
2284
2286
2286
2287
2287
2287
2288
2290
2293
2295
2295
2295
2295
2295
2296
2296
2297
2297
2297
2299
2299
2299
2299
2300
2301
2301
2305
2306
2308
2309
2309
2312
2313
2314
2314
2315
2315
2318
2321
2322
2323
2324
2324
2324
2326
2326
2328
2329
2329
2332
2332
2335
2336
2337
2338
2340
2341
2342
2342
2343
2344
2344
2345
2345
2348
2348
2349
2350
2350
2351
2353
2354
2354
2356
2356
2357
2358
2359
2360
2361
2362
2363
2363
2363
2364
2369
2370
2371
2372
2373
2375
2377
2377
2377
2380
2380
2380
2381
2381
2381
2381
2381
2382
2382
2382
2383
2383
2384
2385
2385
2386
2386
2386
2387
2387
2387
2387
2388
2389
2390
2391
2391
2392
2392
2392
2394
2395
2395
2397
2398
2399
2399
2402
2403
2403
2404
2404
2405
2406
2407
2407
2408
2409
2414
2414
2414
2415
2416
2417
2418
2418
2419
2419
2421
2422
2422
2423
2423
2424
2425
2426
2426
2426
2427
2427
2432
2432
2432
2432
2437
2437
2440
2441
2441
2442
2442
2442
2443
2444
2444
2445
2446
2446
2446
2446
2447
2448
2449
2449
2450
2452
2453
2453
2453
2453
2454
2454
2455
2456
2457
2457
2457
2458
2459
2459
2459
2459
2461
2462
2463
2465
2466
2466
2466
2467
2468
2468
2469
2470
2470
2470
2472
2473
2473
2477
2477
2479
2482
2482
2483
2483
2483
2485
2488
2488
2488
2489
2490
2491
2494
2495
2495
2498
2498
2499
2499
2501
2501
2501
2502
2503
2504
2505
2506
2506
2507
2508
2509
2509
2510
2510
2513
2514
2515
2517
2518
2518
2520
2521
2522
2522
2522
2522
2524
2526
2527
2528
2528
2529
2531
2532
2533
2534
2536
2536
2537
2537
2537
2538
2539
2540
2540
2540
2542
2542
2545
2548
2550
2550
2550
2550
2551
2551
2552
2552
2553
2554
2556
2559
2559
2559
2559
2560
2561
2563
2564
2564
2566
2567
2567
2569
2570
2571
2571
2572
2573
2573
2574
2575
2577
2580
2582
2582
2582
2587
2588
2590
2590
2591
2591
2591
2591
2592
2594
2596
2597
2598
2599
2602
2603
2604
2605
2605
2606
2606
2607
2608
2609
2609
2610
2611
2612
2612
2616
2617
2618
2620
2620
2621
2621
2623
2624
2626
2626
2627
2627
2629
2631
2632
2633
2633
2636
2636
2636
2637
2638
2640
2640
2640
2642
2642
2643
2643
2646
2646
2647
2647
2650
2652
2652
2653
2653
2653
2654
2656
2657
2657
2658
2659
2660
2661
2663
2663
2663
2665
2667
2667
2668
2669
2670
2670
2671
2675
2676
2678
2678
2679
2679
2680
2680
2680
2681
2682
2683
2684
2684
2684
2684
2684
2685
2686
2688
2689
2691
2691
2694
2695
2695
2695
2696
2698
2698
2700
2701
2702
2703
2703
2705
2705
2706
2706
2707
2707
2708
2708
2708
2709
2712
2712
2715
2716
2717
2718
2718
2719
2720
2721
2721
2722
2722
2723
2723
2724
2724
2724
2726
2727
2727
2727
2728
2729
2731
2731
2731
2732
2732
2733
2734
2735
2736
2736
2738
2739
2741
2741
2743
2743
2744
2744
2745
2745
2745
2747
2749
2751
2753
2754
2756
2757
2758
2759
2760
2761
2762
2763
2764
2765
2768
2768
2769
2769
2769
2770
2770
2771
2772
2772
2773
2774
2777
2778
2779
2781
2781
2781
2782
2787
2789
2789
2789
2791
2792
2792
2793
2795
2795
2795
2796
2797
2797
2798
2799
2800
2802
2802
2802
2806
2806
2807
2808
2809
2809
2809
2811
2811
2816
2816
2818
2819
2819
2820
2821
2821
2822
2822
2823
2824
2824
2825
2827
2828
2829
2829
2830
2830
2831
2832
2833
2837
2838
2839
2839
2840
2841
2842
2843
2843
2844
2845
2845
2846
2848
2848
2849
2850
2851
2851
2852
2854
2855
2856
2856
2857
2857
2859
2860
2861
2861
2861
2861
2863
2864
2864
2868
2869
2869
2870
2872
2872
2872
2873
2873
2875
2875
2876
2876
2878
2878
2879
2882
2882
2882
2885
2887
2887
2889
2891
2892
2892
2893
2895
2895
2895
2896
2896
2901
2902
2903
2905
2905
2906
2906
2907
2907
2907
2912
2913
2913
2914
2914
2915
2915
2915
2916
2919
2919
2922
2924
2924
2924
2925
2925
2925
2925
2926
2927
2930
2931
2931
2932
2933
2935
2936
2937
2938
2943
2945
2946
2947
2947
2949
2950
2951
2951
2952
2953
2955
2956
2957
2959
2961
2962
2963
2965
2966
2966
2968
2969
2969
2969
2971
2972
2973
2973
2974
2975
2976
2976
2976
2979
2981
2982
2982
2984
2984
2985
2990
2990
2994
2995
2995
2996
2996
2998
2999
3000
